n=20;
budget=774;
distance=[|0,286,248,255,135,179,170,218,163,93,97,177,11,75,299,238,206,1,264,190|286,0,76,116,278,178,121,101,53,177,37,159,105,1,287,299,9,66,260,116|248,76,0,223,193,202,189,42,286,180,260,118,75,54,2,237,175,295,295,109|255,116,223,0,4,68,252,58,78,251,209,291,217,22,135,129,51,196,165,217|135,278,193,4,0,89,112,264,80,293,195,24,202,158,108,150,58,84,292,189|179,178,202,68,89,0,278,143,97,71,96,241,36,299,29,103,92,139,6,182|170,121,189,252,112,278,0,210,97,184,203,233,219,95,37,269,84,275,255,70|218,101,42,58,264,143,210,0,41,251,32,167,251,47,240,25,142,179,98,159|163,53,286,78,80,97,97,41,0,277,140,210,249,262,300,166,267,52,99,187|93,177,180,251,293,71,184,251,277,0,104,21,254,6,93,7,169,109,186,37|97,37,260,209,195,96,203,32,140,104,0,42,65,237,77,64,195,96,268,222|177,159,118,291,24,241,233,167,210,21,42,0,45,96,230,64,7,24,117,299|11,105,75,217,202,36,219,251,249,254,65,45,0,64,270,160,103,164,10,67|75,1,54,22,158,299,95,47,262,6,237,96,64,0,121,6,24,111,187,69|299,287,2,135,108,29,37,240,300,93,77,230,270,121,0,4,64,300,56,210|238,299,237,129,150,103,269,25,166,7,64,64,160,6,4,0,166,158,263,269|206,9,175,51,58,92,84,142,267,169,195,7,103,24,64,166,0,6,270,57|1,66,295,196,84,139,275,179,52,109,96,24,164,111,300,158,6,0,133,116|264,260,295,165,292,6,255,98,99,186,268,117,10,187,56,263,270,133,0,288|190,116,109,217,189,182,70,159,187,37,222,299,67,69,210,269,57,116,288,0|];
cost=[|0,19,64,35,37,49,34,34,45,43,20,63,60,10,64,3,35,67,46,21|19,0,15,21,48,53,69,48,64,16,36,70,5,62,24,7,65,29,17,39|64,15,0,18,32,8,3,49,70,66,31,47,41,6,32,41,13,56,25,44|35,21,18,0,58,61,54,17,6,70,34,27,27,10,30,32,16,57,32,47|37,48,32,58,0,9,43,61,46,44,3,68,56,65,48,17,40,57,37,56|49,53,8,61,9,0,39,26,41,10,19,51,17,18,20,10,51,4,13,26|34,69,3,54,43,39,0,37,68,9,18,38,56,2,50,49,44,61,40,63|34,48,49,17,61,26,37,0,19,37,39,6,1,40,29,47,40,10,19,3|45,64,70,6,46,41,68,19,0,68,32,59,55,33,36,65,51,6,8,60|43,16,66,70,44,10,9,37,68,0,63,12,21,14,50,4,22,24,40,9|20,36,31,34,3,19,18,39,32,63,0,59,69,2,30,2,51,25,26,11|63,70,47,27,68,51,38,6,59,12,59,0,64,55,34,49,47,7,29,12|60,5,41,27,56,17,56,1,55,21,69,64,0,14,60,40,68,70,50,3|10,62,6,10,65,18,2,40,33,14,2,55,14,0,15,28,49,50,65,23|64,24,32,30,48,20,50,29,36,50,30,34,60,15,0,58,1,10,38,45|3,7,41,32,17,10,49,47,65,4,2,49,40,28,58,0,54,2,23,26|35,65,13,16,40,51,44,40,51,22,51,47,68,49,1,54,0,20,1,26|67,29,56,57,57,4,61,10,6,24,25,7,70,50,10,2,20,0,63,58|46,17,25,32,37,13,40,19,8,40,26,29,50,65,38,23,1,63,0,42|21,39,44,47,56,26,63,3,60,9,11,12,3,23,45,26,26,58,42,0|];
