n=9;
budget=649;
distance=[|0,286,248,255,135,179,170,218,163|286,0,93,97,177,11,75,299,238|248,93,0,206,1,264,190,76,116|255,97,206,0,278,178,121,101,53|135,177,1,278,0,177,37,159,105|179,11,264,178,177,0,1,287,299|170,75,190,121,37,1,0,9,66|218,299,76,101,159,287,9,0,260|163,238,116,53,105,299,66,260,0|];
cost=[|0,19,64,35,37,49,34,34,45|19,0,43,20,63,60,10,64,3|64,43,0,35,67,46,21,15,21|35,20,35,0,48,53,69,48,64|37,63,67,48,0,16,36,70,5|49,60,46,53,16,0,62,24,7|34,10,21,69,36,62,0,65,29|34,64,15,48,70,24,65,0,17|45,3,21,64,5,7,29,17,0|];
