n=11;
budget=1130;
distance=[|0,286,248,255,135,179,170,218,163,93,97|286,0,177,11,75,299,238,206,1,264,190|248,177,0,76,116,278,178,121,101,53,177|255,11,76,0,37,159,105,1,287,299,9|135,75,116,37,0,66,260,116,223,193,202|179,299,278,159,66,0,189,42,286,180,260|170,238,178,105,260,189,0,118,75,54,2|218,206,121,1,116,42,118,0,237,175,295|163,1,101,287,223,286,75,237,0,295,109|93,264,53,299,193,180,54,175,295,0,4|97,190,177,9,202,260,2,295,109,4,0|];
cost=[|0,19,64,35,37,49,34,34,45,43,20|19,0,63,60,10,64,3,35,67,46,21|64,63,0,15,21,48,53,69,48,64,16|35,60,15,0,36,70,5,62,24,7,65|37,10,21,36,0,29,17,39,18,32,8|49,64,48,70,29,0,3,49,70,66,31|34,3,53,5,17,3,0,47,41,6,32|34,35,69,62,39,49,47,0,41,13,56|45,67,48,24,18,70,41,41,0,25,44|43,46,64,7,32,66,6,13,25,0,58|20,21,16,65,8,31,32,56,44,58,0|];
