n=16;
budget=2426;
distance=[|0,286,248,255,135,179,170,218,163,93,97,177,11,75,299,238|286,0,206,1,264,190,76,116,278,178,121,101,53,177,37,159|248,206,0,105,1,287,299,9,66,260,116,223,193,202,189,42|255,1,105,0,286,180,260,118,75,54,2,237,175,295,295,109|135,264,1,286,0,4,68,252,58,78,251,209,291,217,22,135|179,190,287,180,4,0,129,51,196,165,217,89,112,264,80,293|170,76,299,260,68,129,0,195,24,202,158,108,150,58,84,292|218,116,9,118,252,51,195,0,189,278,143,97,71,96,241,36|163,278,66,75,58,196,24,189,0,299,29,103,92,139,6,182|93,178,260,54,78,165,202,278,299,0,210,97,184,203,233,219|97,121,116,2,251,217,158,143,29,210,0,95,37,269,84,275|177,101,223,237,209,89,108,97,103,97,95,0,255,70,41,251|11,53,193,175,291,112,150,71,92,184,37,255,0,32,167,251|75,177,202,295,217,264,58,96,139,203,269,70,32,0,47,240|299,37,189,295,22,80,84,241,6,233,84,41,167,47,0,25|238,159,42,109,135,293,292,36,182,219,275,251,251,240,25,0|];
cost=[|0,19,64,35,37,49,34,34,45,43,20,63,60,10,64,3|19,0,35,67,46,21,15,21,48,53,69,48,64,16,36,70|64,35,0,5,62,24,7,65,29,17,39,18,32,8,3,49|35,67,5,0,70,66,31,47,41,6,32,41,13,56,25,44|37,46,62,70,0,58,61,54,17,6,70,34,27,27,10,30|49,21,24,66,58,0,32,16,57,32,47,9,43,61,46,44|34,15,7,31,61,32,0,3,68,56,65,48,17,40,57,37|34,21,65,47,54,16,3,0,56,39,26,41,10,19,51,17|45,48,29,41,17,57,68,56,0,18,20,10,51,4,13,26|43,53,17,6,6,32,56,39,18,0,37,68,9,18,38,56|20,69,39,32,70,47,65,26,20,37,0,2,50,49,44,61|63,48,18,41,34,9,48,41,10,68,2,0,40,63,19,37|60,64,32,13,27,43,17,10,51,9,50,40,0,39,6,1|10,16,8,56,27,61,40,19,4,18,49,63,39,0,40,29|64,36,3,25,10,46,57,51,13,38,44,19,6,40,0,47|3,70,49,44,30,44,37,17,26,56,61,37,1,29,47,0|];
