n=8;
budget=716;
distance=[|0,286,248,255,135,179,170,218|286,0,163,93,97,177,11,75|248,163,0,299,238,206,1,264|255,93,299,0,190,76,116,278|135,97,238,190,0,178,121,101|179,177,206,76,178,0,53,177|170,11,1,116,121,53,0,37|218,75,264,278,101,177,37,0|];
cost=[|0,19,64,35,37,49,34,34|19,0,45,43,20,63,60,10|64,45,0,64,3,35,67,46|35,43,64,0,21,15,21,48|37,20,3,21,0,53,69,48|49,63,35,15,53,0,64,16|34,60,67,21,69,64,0,36|34,10,46,48,48,16,36,0|];
