PSize = 6;
AllDist = [|
 0,  588,  542,  335,  1097,  826,  731,  72,  1171,  793,  2572,  529,  507,  530
|588,  0,  129,  449,  1676,  1410,  1309,  607,  1713,  1320,  3155,  1107,  1089,  1117
|542,  129,  0,  483,  1639,  1347,  1240,  575,  1623,  1229,  3086,  1040,  1026,  1060
|335,  449,  483,  0,  1288,  1101,  1024,  296,  1487,  1120,  2833,  829,  800,  805
|1097,  1676,  1639,  1288,  0,  440,  557,  1069,  788,  809,  1596,  678,  670,  614
|826,  1410,  1347,  1101,  440,  0,  126,  825,  480,  371,  1746,  308,  321,  298
|731,  1309,  1240,  1024,  557,  126,  0,  739,  490,  275,  1847,  202,  226,  225
|72,  607,  575,  296,  1069,  825,  739,  0,  1193,  824,  2569,  539,  513,  527
|1171,  1713,  1623,  1487,  788,  480,  490,  1193,  0,  395,  1521,  663,  697,  712
|793,  1320,  1229,  1120,  809,  371,  275,  824,  395,  0,  1896,  341,  380,  423
|2572,  3155,  3086,  2833,  1596,  1746,  1847,  2569,  1521,  1896,  0,  2048,  2066,  2043
|529,  1107,  1040,  829,  678,  308,  202,  539,  663,  341,  2048,  0,  39,  96
|507,  1089,  1026,  800,  670,  321,  226,  513,  697,  380,  2066,  39,  0,  66
|530,  1117,  1060,  805,  614,  298,  225,  527,  712,  423,  2043,  96,  66,  0
|] ;